# single positions
hug: [[0.0, 0.7335793379057367, -0.21923080734300773, -1.0316466675613283, -0.04120722363958612, -0.970490330571447, 1.3667847905292794]]

wave1: [[1.5, -1, 0, 0, 0, 0, 0]]
wave2: [[1.5, -1, 0, -1, 0, 0, 0]]

point2chest: [[-0.1, -1, 0, -1.4, 0, -1.5, 0]]
point2torso_low: [[-0.8, -1, 0, -1.4, -0.5, -1, 0]]
point2base: [[-1, -1, 0, -1.4, -0.5, -0.5, 0]]

count1: [[-0.2, -1.2, 1, 0, 0, 0, 0]]
count1a: [[-0.2, -1.2, 1, -0.4, 0 ,0 ,0]]
count2: [[-0.2, -1.35, 1, 0, 0, 0, 0]]
count2a: [[-0.2, -1.35, 1, -0.4, 0, 0, 0]]
count3: [[-0.2, -1.5, 1, 0, 0, 0, 0]]
count3a: [[-0.2, -1.5, 1, -0.4, 0, 0, 0]]
count4: [[-0.2, -1.65, 1, 0, 0, 0, 0]]

carry1: [[-1.3, -1, 0, -0.6, 0, 0, 0]]
carry2: [[-1.3, 0.5, 0, -2, 0, 0, 0]]


# trajectory
wave_hmi: [wave1, wave2, wave1, wave2]
count: [count1, count1a, count2, count2a, count3, count3a, count4]
draw_torso: [point2chest, point2torso_low, point2chest]
carry: [carry1, carry2, carry3]
