# single positions
hug: [[-0.0, -0.7335793379057367, 0.21923080734300773, 1.0316466675613283, 0.04120722363958612, 0.970490330571447, -1.3667847905292794]]

wave1: [[-1.5, 1, 0, 0, 0, 0, 0]]
wave2: [[-1.5, 1, 0, 1, 0, 0, 0]]

carry1: [[1.3, 1, 0, 0.6, 0, 0, 0]]
carry2: [[1.3, -0.5, 0, 2, 0, 0, 0]]

open: [[0.4, 1.3, -1, 0.5, 0, 0, 0]]

# trajectory
wave_hmi: [wave1, wave2, wave1, wave2]
carry: [carry1, carry2, carry1]
